"Horas"
177.81
75.68
205.54
6.51
142.7
9.55
45.02
37.98
311.36
1100.52
536.65
51.98
1.39
24.64
373.21
74.5
8.27
0.11
36.66
1.09
19
42.39
4.3
3.59
649.61
18.55
154.27
188.46
351.24
270.32
11.76
15.81
401.56
0.07
0.17
7.09
170.48
30.66
81.16
0.8
0.67
8.83
5
106.15
330.74
16.62
452.36
34.16
23.34
91.19
28.69
831.06
22.69
26.57
54.28
102.53
232.37
218.17
147.01
19.94
960.15
785.61
67.14
250.37
0.29
0.53
12.99
135.48
421.2
111.05
14.57
1551.81
0.01
1.12
1235.29
3326.6
10.48
610.73
95.66
2.72
276.15
46.97
48.29
84.18
129.49
62.74
193.82
0.02
58.86
5.58
2.46
32.69
70.53
1.71
4.87
11.46
121.11
501.43
3.14
2.17
