"Horas"
177.81
75.68
205.54
6.51
142.7
9.55
45.02
37.98
311.36
1100.52
536.65
51.98
1.39
24.64
373.21
74.5
8.27
0.11
36.66
1.09
19
42.39
4.3
3.59
649.61
18.55
154.27
188.46
351.24
270.32
11.76
15.81
401.56
0.07
0.17
7.09
170.48
30.66
81.16
0.8
0.67
8.83
5
106.15
330.74
16.62
452.36
34.16
23.34
91.19
28.69
831.06
22.69
26.57
54.28
102.53
232.37
218.17
147.01
19.94
960.15
785.61
67.14
250.37
0.29
0.53
12.99
135.48
421.2
111.05
14.57
1551.81
0.01
1.12
1235.29
3326.6
10.48
610.73
95.66
2.72
276.15
46.97
48.29
84.18
129.49
62.74
193.82
0.02
58.86
5.58
2.46
32.69
70.53
1.71
4.87
11.46
121.11
501.43
3.14
2.17
104.91
97.7
106.19
79.64
103.01
82.22
93.57
92.25
109.93
122.12
115.03
94.69
70.04
88.98
111.6
97.58
81.24
56.74
91.98
68.64
87.07
93.1
76.94
75.78
116.87
86.9
103.68
105.42
111.04
108.64
83.66
85.75
112.28
54.44
58.72
80.21
104.55
90.62
98.28
66.91
65.88
81.69
77.91
100.5
110.48
86.11
113.4
91.44
88.58
99.23
90.12
119.3
88.37
89.54
95.04
100.21
107.28
106.72
103.26
87.43
120.74
118.74
96.73
107.95
61.49
64.58
84.36
102.56
112.73
100.88
85.17
125.67
45.74
68.78
123.31
133.92
82.86
116.28
99.63
74.05
108.83
93.9
94.11
98.57
102.18
96.19
105.67
49.74
95.68
78.62
73.44
91.1
97.13
71.24
77.74
83.48
101.61
114.38
74.95
72.67
12.94
140.19
74.24
19.63
95.05
16.68
49.83
229.58
120.21
72.17
61.13
98.95
123.68
2.77
239.1
11.08
45.25
93.16
47.21
199.23
373.2
366.89
616.16
287.03
21.7
49.11
85.74
32.83
70.69
26.36
67.28
10.22
140.78
156.32
179.83
56.04
6.98
59.48
112.97
51.92
165.26
167.22
259.35
421.87
130.32
39.24
160.5
106.18
206.5
42.29
64.62
119.14
7.11
36.03
51.34
283.41
48
84.39
402.53
249.81
66.17
141.59
41.11
14.61
74.21
64
441.43
7.99
50.64
193.07
77.86
4.63
46.02
106.93
69.7
3.72
60.14
207.82
37.9
75.07
210.19
134.44
24.1
350.39
121.99
256.44
9.09
205.05
33.36
11.66
32.07
42.89
125.08
38.59
109.43
28.67
316.51
52.69
1.64
7.9
40.77
126.59
91.45
43.59
116.95
137.85
2.16
101.54
10.73
147.75
197.15
12.01
122.56
4.39
137.83
186.76
25.11
216.2
363.89
169.82
131.28
44.15
170.38
144.64
30.14
29.31
6.37
159.42
28.2
17.35
17.57
94.44
191.87
79.72
14.32
15.06
72.11
66.76
89.1
168.39
148.95
2.6
20.46
36.25
8.54
48.54
29.65
181.96
44.55
25.36
0.69
265.17
115.21
14.05
5.09
183.35
112.44
68.58
121.28
26.64
3.51
5.49
109.96
82.55
43.87
3.04
309.92
46.92
56.62
13.74
125.36
118.37
190.95
34.17
155.12
5.66
31.27
111.96
16.23
8.27
384.59
278.26
29.02
26.76
129.04
214.32
53.83
21.14
22.45
59.02
113.91
292.95
41.98
67.99
12.22
51.6
23.64
20.77
37.2
270.17
42.7
93
187.15
272.49
167.11
262.2
152.9
77.07
18.75
90.48
9.59
72.83
49.51
162.81
175.75
1.87
35.77
29.21
114.55
61.45
66.14
81.69
16.99
86.5
31.51
59.32
77.29
103.95
41.32
73.8
16.31
227.41
49.07
58.04
5.18
220.67
154.63
356.39
15.98
78.65
15.74
47.8
68.95
50.8
63.43
136.81
19.89
142.59
69.77
135.53
75.99
3.12
75.31
450.49
245.64
236.19
68.42
10.8
65.01
211.9
1.07
0.01
67.39
132.86
22.01
76.57
4.85
19.35
53.28
94.02
73.38
24.57
100.79
118.74
151.36
24.85
84.98
50.34
6.15
64.83
7.59
127.55
48.3
117.12
196.14
22.63
15.42
104.85
174.71
5.93
45.33
57.51
20.33
92.52
4.07
21.42
161.04
399.25
13.2
23.49
6.44
35.51
89.62
184.7
289.59
202.18
250.33
58.38
30.92
79.16
221.13
41.76
65.5
297.67
128.38
149.88
25.89
81.37
0.54
33.46
1.27
38.99
13.41
100.36
97.82
88.15
57.25
277.09
38.37
62.48
107.34
23.04
35.17
102.96
91.78
39.84
9.97
19.01
55.64
63.04
138.83
78.48
84.69
502.12
62.07
1.45
7.26
224.59
8.67
71.38
85.9
60.45
253.41
53.09
82.59
54.84
40.6
70.18
135.13
129.82
28.47
163.53
36.75
329.77
108.45
19.56
0.24
300.07
33.11
238.31
120.55
132.04
307.01
146.22
44.78
56.38
90.71
217.93
13.5
114.96
158.31
46.78
105.05
9.77
24.07
323.97
171.49
195
783.57
34.28
172.79
230.99
96.33
83.25
343.27
10.44
143.66
178.78
37.48
2.4
43.26
34.65
87
183.2
157.25
105.99
223.16
20.96
36.99
46.25
266.11
60.59
33.69
102.63
18.07
145.62
9.32
80.88
70.97
110.47
80.08
99.73
35.01
212.19
27.88
164.54
27.29
178.35
242.64
123.93
18.16
126
18.49
15.15
40.07
148.39
53.47
23.22
234.04
31.96
31.18
97.55
200.07
87.59
24.74
460.6
143.13
25.65
14.73
176.15
16.77
83.86
63.66
116.42
8.99
6.76
95.64
243.44
11.46
204.02
75.92
54.23
524.32
110.88
27.64
151.88
101.8
17.89
98.83
39.5
3.35
54.63
45.82
11.29
61.71
30.47
96.78
80.31
52.19
133.22
317.23
57.69
38.23
32.4
12.74
188.79
4.28
55.35
27.06
95.93
103.3
88.25
153.28
29.98
0.95
89.73
108.53
12.35
333.1
22.3
