"Horas"
104.91
97.7
106.19
79.64
103.01
82.22
93.57
92.25
109.93
122.12
115.03
94.69
70.04
88.98
111.6
97.58
81.24
56.74
91.98
68.64
87.07
93.1
76.94
75.78
116.87
86.9
103.68
105.42
111.04
108.64
83.66
85.75
112.28
54.44
58.72
80.21
104.55
90.62
98.28
66.91
65.88
81.69
77.91
100.5
110.48
86.11
113.4
91.44
88.58
99.23
90.12
119.3
88.37
89.54
95.04
100.21
107.28
106.72
103.26
87.43
120.74
118.74
96.73
107.95
61.49
64.58
84.36
102.56
112.73
100.88
85.17
125.67
45.74
68.78
123.31
133.92
82.86
116.28
99.63
74.05
108.83
93.9
94.11
98.57
102.18
96.19
105.67
49.74
95.68
78.62
73.44
91.1
97.13
71.24
77.74
83.48
101.61
114.38
74.95
72.67
