"Horas"
27
102
14
27
1
34
62
40
86
41
13
73
19
81
90
76
2
2
43
33
17
70
44
54
6
36
19
7
3
63
11
6
2
39
84
7
45
6
134
57
114
26
78
2
93
76
8
0
22
15
10
29
25
7
11
23
95
87
32
42
9
36
45
47
38
3
83
22
20
23
3
68
49
42
10
25
12
1
28
5
111
8
65
37
24
30
11
21
26
80
104
34
122
5
10
31
51
69
7
11
18
5
35
3
1
10
31
58
17
60
1
21
30
204
162
18
8
9
66
50
29
34
16
41
1
47
46
51
97
13
109
13
22
12
174
91
147
52
48
100
56
15
4
39
21
12
117
18
55
32
59
17
20
37
138
125
8
6
15
31
26
16
54
12
53
14
14
4
16
48
0
25
28
9
33
43
61
349
28
35
1
4
73
57
4
6
5
15
9
39
24
71
2
17
23
150
20
63
19
67
