"Horas"
986.46
1124.81
646.14
774.2
796.1
979.79
1306.28
1143.46
988.82
1133.3
1080.61
478.36
808.69
1249.45
1603.79
971.69
766.84
1010.17
703.51
708.38
881.98
721.7
505.1
1201.17
1327.89
712.14
1105.76
752.96
1254.21
1069.72
1121.4
690.77
957.18
847.36
815.34
417.54
822.39
1149.22
1450.44
659.1
356.73
709.2
770.25
676.95
1443.22
934.06
902.57
1115.15
1012.4
1085.22
1174.17
1310.36
1287.63
1103.83
866.5
602.86
866.77
593.76
889.63
828.28
900.04
913.5
871.09
632.9
971.09
947.5
791.65
1151.82
818.85
847.44
1458.51
1267.3
388.72
1161.44
933.32
404.33
689.79
840.78
1166.89
734.39
750.2
888.03
1129.37
492.25
976.71
1303.72
1035.51
1088.63
1230.54
1420.53
869.11
1322.26
1231.75
1089.56
1282.5
971.11
548.84
913.76
767.17
1172.12
545.18
1000.59
934.93
1020.72
578.19
1130.73
821.27
818.23
895.76
1071.89
882.58
414.8
1147.15
431.44
731.05
961.26
1134.65
1406.29
622.77
901.81
741.2
1306.41
631.13
444.19
1020.53
1135.39
992.94
915
998.15
684.13
715.67
908.27
1148.06
695.79
1049.56
1534.46
1172.83
1347.08
778.53
1356.11
1151.59
988.66
926.08
1209.49
1000.49
730.64
1024.67
944.51
964.54
1034.73
1019.09
1263.11
957.2
745.34
1105.69
941.32
1044.41
636.06
930.12
750.26
1049.26
1102.26
678.36
1071.97
914.38
727.5
1251.84
1032.43
970.86
1214.82
1120.36
924.23
646.91
968.43
459.6
1239.48
1096.61
1357.32
572.55
857.48
948.2
760.47
676.52
1008.52
923.66
336.56
980.38
312.43
1033.86
948.63
882.43
602.31
1014.34
1042.48
1192.49
643.44
1316.32
1284.04
794.05
562.06
