"Horas"
624.64
818.2
752.59
8.34
185.16
2262.54
2180.9
1359.47
850.37
749.75
1746.94
233.56
556.96
193.4
4720.89
252.35
711.92
3172.04
0.78
457.62
86.58
26.1
108.91
1849.2
154.25
1405.92
1588.86
1706.65
1451.22
406.34
631.22
96
359.2
374.68
5835.59
104.92
280.76
898.89
2430.06
186.76
5985.89
1641.79
160.43
169.64
267.77
972.31
263.41
231.86
139.85
7198.26
111.87
1669.86
1961.1
1518.04
1481.17
268.03
1124.04
28.94
236.37
516.63
107.63
10696.48
4430.11
752.69
8088.84
2163.27
1.62
170.19
825.9
2787.61
452.72
1573.81
965.55
313.38
1851.75
711.43
4030.51
220.87
44.06
315.74
211.29
1339.33
2903.32
729.87
69.17
1892.44
424.65
6.39
13.59
284.19
1326.68
698.32
1132.18
1123.13
2234.89
1472.97
1918.79
1750.96
1969.66
222.94
60.91
1221.44
2788.36
109.87
77.19
404.68
1360.12
4327.7
45.49
388.09
653.1
1436.52
313.85
4244.9
3.96
2473.8
54.93
1341.01
430.12
282.45
6796.73
54.84
604.82
1009.46
207.47
67.71
205.9
3248.2
693.96
53.64
54.36
5.06
22.85
1575.17
420.9
8865.11
131.54
248.85
86.22
1877.92
313.63
650.48
1024.52
107.41
1219.39
452.98
869.92
182.34
834.76
1214.15
1176.85
2332.77
2100.32
256.31
830.31
778.76
12.32
2921.88
628.21
18.67
489.91
2348.76
244.61
1784.93
4169.16
368.01
187.51
399.91
636.86
71.94
1475.34
554.68
28.24
4634.81
709.36
1579.2
114.29
7141.08
1543.02
466.44
3942.32
2821.43
3364.94
479.82
876.32
2266.34
392.07
1010.72
3126.9
14.1
503.7
213.25
2865.74
1824
876.62
927.97
733.96
2162.74
459.78
14.23
