"Horas"
328.3
9.8
18.1
521.28
10.53
92.74
683.54
48.31
205.98
0.1
0.04
365.94
14.87
625.43
12.72
0.58
200.1
2618.87
86.22
236.54
158.85
0.08
1.46
79
3.5
68.05
2.67
46.35
35.1
16.13
1.04
482.9
82.12
1080.99
38.94
252.37
105.4
164.95
1536.96
12.98
6.31
19.47
297.89
64.38
786.72
15.34
60.99
1278.34
10.79
119.63
282.1
4.35
4.88
174.87
97.38
827.01
6.94
56
51.58
418.4
5.32
26.95
8.97
2.09
0.73
191.74
274.82
25.4
0.39
7.78
5.89
20.63
30.65
23.44
103.38
2.54
112.02
1.24
29.65
59.58
415.18
949.08
0.25
0.35
342.48
141.21
72.11
44.31
147.77
21.7
36.91
0
124.84
561.34
136.52
1.88
3.39
42.52
31.67
216.93
121.91
67.9
75.21
131.68
68.72
98.75
137.76
88.58
112.8
31.73
26.67
124.14
72.79
135.74
70.92
42.38
112.26
172.33
97.56
115.43
108.02
30.69
49.46
96.15
57.19
93.78
54.66
87.97
83.99
73.78
46.72
130.01
96.77
148.7
85.45
116.68
100.88
108.7
157.68
71.16
63.1
76.13
119.95
92.92
141.03
73.17
92.09
152.91
69
103.03
118.87
59.3
60.45
109.76
99.56
142.21
64.1
90.79
89.55
126.94
61.33
80.37
66.91
52.49
44
111.46
118.35
79.58
39.59
65.34
62.37
76.87
82.11
78.52
100.56
54.2
101.91
48.11
81.66
91.73
126.78
145.51
36.73
38.94
122.77
105.92
94.7
87.31
106.72
77.52
84.69
17.71
103.77
133.31
105.32
51.55
56.88
86.72
82.56
113.78
106.29
25.41
70.68
47
14.52
556.84
51.8
1.04
57.67
7.94
230.97
32.63
39.74
56.15
135.4
149.15
314.7
85.55
91.33
44.12
145.13
6.72
79.83
92.38
0.54
374.93
21.29
24.39
28.84
73.59
19.29
33.93
19.98
163.82
132.09
48.27
22.57
196.19
111.05
224.73
37.77
95.85
51.03
10.36
81.49
104.86
40.49
18.39
100.47
258.95
98.05
63.99
202.34
76.91
180.57
10.88
247.13
83.15
159.87
28.42
209.26
60.34
151.77
35.88
174.26
272.85
126.21
72.66
53.59
329.97
42.13
16.7
15.54
8.83
117.15
66.13
34.75
68.15
114.03
45.62
87.7
26.23
13.38
62.61
3.73
297.66
189.66
139.66
58.96
120.88
170.94
31.23
110.57
395.62
130.47
5.38
2.07
220.46
11.85
4.19
