"Horas"
1296.97
440.3
962.23
1963.02
4247.38
685.76
209.16
841.61
2133.95
136.27
200.77
1958.43
960.29
65.41
260.28
568.44
238.99
1432.2
2101.26
590.85
92.9
450.78
687.49
3274.2
880.69
312.68
362.54
791.76
2055.18
368.84
2556.9
2168.16
542.19
3877.09
1265.37
1503.89
3821.17
407.6
113.79
125.98
37.43
341.88
932.45
250.5
2617.83
948.34
1167.66
299.42
408.92
1018.83
567.94
424.44
580.8
3203.96
3705.21
228.37
756.3
3069.86
698.72
545.32
240.13
227.84
1250.33
695.22
1297.62
2.96
156.1
51.39
67.37
134.69
1234.89
71.66
475.97
73.59
42.74
859.83
1810.55
126.63
4417.54
83
364.81
1345.3
581.75
830.65
125.87
689.63
90.02
439.71
1006.75
3315.02
254.6
1585.03
400.18
611.75
179.09
230.77
4210.81
2896.13
662.12
3874.85
683.59
822.5
2919.73
2674.88
2543.11
1450.13
385.99
1552.46
527
904.28
1267.09
4936.76
141.66
282.2
66
97.66
1361.13
2400.36
721.72
530.23
673.84
1859.13
150.11
234.75
511.8
1971.85
1103.52
152.64
889.78
3881.9
45.82
1033.58
211.13
1257.7
100.05
1050.5
138.44
253.38
910.28
1828.58
2226.55
505.43
596.57
2592.11
103.74
564.16
1444.06
173.27
992.26
1673.15
268.56
811.14
1307.77
142.63
2201.21
776.99
1081.61
1348.1
1127.58
1249.88
1021.98
34.6
65.16
2311.55
2963.41
652.07
215.89
310
248.84
1164.16
1458.6
2380.62
49.38
55.36
764.56
1117.06
300.25
483.04
4.64
1281.54
1103.51
2437.26
1128.62
82.35
627.63
498.78
227.14
1221.51
384.6
443.15
1379.18
1030.94
1113
358.28
829.22
1067.58
1877.41
1209.88
2202.24
2300.76
